image: apartamento_y_sala.pgm
resolution: 0.050000
origin: [0.000000, 0.000000, 0.000000]
#origin: [-9.000000, -3.500000, 0.000000]  # Por si queremos poner el origen en la puerta de la sala.
negate: 0
occupied_thresh: 0.65
free_thresh: 0.196

