image: apartamento_leon_gimp_con_mesa_tv.pgm
resolution: 0.010000
origin: [0.000000, 0.000000, 0.000000]
negate: 0
occupied_thresh: 0.65
free_thresh: 0.196
