image: GrannyAnnie.pgm
resolution: 0.0200000
origin: [-34.920000, -11.880000, 0.000000]
negate: 0
occupied_thresh: 0.65
free_thresh: 0.196

